Data:
[(
array([  1.67000000e-01,   2.00000000e-04,  -1.60000000e+03,         1.60000000e+03]), 4.260332822799683), (
array([  1.69746909e-01,   1.77227446e-04,  -1.64215337e+03,         1.78267749e+03]), 3.8357484340667725), (
array([  1.69313999e-01,   1.81929013e-04,  -1.72108841e+03,         1.54047377e+03]), 4.963491678237915), (
array([  1.68613437e-01,   2.20143937e-04,  -1.66131021e+03,         1.50898303e+03]), 5.054552316665649), (
array([  1.55357196e-01,   1.98613170e-04,  -1.53990339e+03,         1.69515233e+03]), 3.993640184402466), (
array([  1.67485475e-01,   1.88107915e-04,  -1.63192840e+03,         1.31142444e+03]), 6.324176073074341), (
array([  1.70801678e-01,   2.10094900e-04,  -1.51310455e+03,         1.35769578e+03]), 5.63276743888855), (
array([  1.67561024e-01,   2.12652160e-04,  -1.60892531e+03,         1.32962877e+03]), 6.097925901412964)]



Matrix asnd stuff.
[[  1.00000000e+00   1.67000000e-01   2.00000000e-04  -1.60000000e+03
    1.60000000e+03]
 [  1.00000000e+00   1.69746909e-01   1.77227446e-04  -1.64215337e+03
    1.78267749e+03]
 [  1.00000000e+00   1.69313999e-01   1.81929013e-04  -1.72108841e+03
    1.54047377e+03]
 [  1.00000000e+00   1.68613437e-01   2.20143937e-04  -1.66131021e+03
    1.50898303e+03]
 [  1.00000000e+00   1.55357196e-01   1.98613170e-04  -1.53990339e+03
    1.69515233e+03]
 [  1.00000000e+00   1.67485475e-01   1.88107915e-04  -1.63192840e+03
    1.31142444e+03]
 [  1.00000000e+00   1.70801678e-01   2.10094900e-04  -1.51310455e+03
    1.35769578e+03]
 [  1.00000000e+00   1.67561024e-01   2.12652160e-04  -1.60892531e+03
    1.32962877e+03]]
[ 4.26033282  3.83574843  4.96349168  5.05455232  3.99364018  6.32417607
  5.63276744  6.0979259 ]
 
[  1.36337808e+01  -6.94935789e+00  -5.79914790e+03  -1.42178322e-03
  -5.67191025e-03]
reality check:
[ -2.06640612e-07  -1.72438877e-04  -4.22770217e-11  -1.68655439e-10
   9.99999985e-01]
(-1.1102230246251565e-16, -13.63378084167856)
Done linear regression, new params: [  8.96704187e-02   3.96161343e-02  -1.56710775e+03   1.60000001e+03]

